01111100010000110010001000010100
11101000010001010000000000000010
11111000101000100000000000000010
01001100010000100000000000000010
01111100010000110010001000010100
11101000010001010000000000000010
11111000101000100000000000000010
01001100010000100000000000000010
01111100010000110010001000010100
11101000010001010000000000000010
11111000101000100000000000000010
01001100010000100000000000000010
01111100010000110010001000010100
11101000010001010000000000000010
11111000101000100000000000000010
01001100010000100000000000000010
01111100010000110010001000010100
11101000010001010000000000000010
11111000101000100000000000000010
01001100010000100000000000000010
01111100010000110010001000010100
11101000010001010000000000000010
11111000101000100000000000000010
01001100010000100000000000000010
01111100010000110010001000010100
11101000010001010000000000000010
11111000101000100000000000000010
01001100010000100000000000000010
01111100010000110010001000010100
11101000010001010000000000000010
11111000101000100000000000000010
01001100010000100000000000000010
01111100010000110010001000010100
11101000010001010000000000000010
11111000101000100000000000000010
01001100010000100000000000000010